<?xml version="1.0"?>
<opencv_storage>
<R type_id="opencv-matrix">
  <rows>3</rows>
  <cols>3</cols>
  <dt>d</dt>
  <data>
    9.9911707197730548e-01 1.0770424679064276e-02 4.0608797516406475e-02
    -1.1038118591969398e-02 9.9991876547760894e-01
    6.3735691479818030e-03 -4.0536852633690210e-02
    -6.8161864680398223e-03 9.9915479440404398e-01</data></R>
<T type_id="opencv-matrix">
  <rows>3</rows>
  <cols>1</cols>
  <dt>d</dt>
  <data>
    -6.3871893669320414e+01 1.1467775018113147e+00
    -2.2644386819561788e+00</data></T>
<R1 type_id="opencv-matrix">
  <rows>3</rows>
  <cols>3</cols>
  <dt>d</dt>
  <data>
    9.9709108566017646e-01 -7.4182514378888422e-03
    7.5857342707315034e-02 7.1734084133535554e-03 9.9996814685066548e-01
    3.4996422361872814e-03 -7.5880887638100331e-02
    -2.9453063763108822e-03 9.9711253931620158e-01</data></R1>
<R2 type_id="opencv-matrix">
  <rows>3</rows>
  <cols>3</cols>
  <dt>d</dt>
  <data>
    9.9921130375124012e-01 -1.7940176451162131e-02
    3.5424857440057286e-02 1.8079272680115437e-02 9.9983003919486013e-01
    -3.6100724317826832e-03 -3.5354071266337148e-02
    4.2476808385109996e-03 9.9936582233553939e-01</data></R2>
<P1 type_id="opencv-matrix">
  <rows>3</rows>
  <cols>4</cols>
  <dt>d</dt>
  <data>
    5.0514240810548654e+02 0. 2.7651710510253906e+02 0. 0.
    5.0514240810548654e+02 2.3918594932556152e+02 0. 0. 0. 1. 0.</data></P1>
<P2 type_id="opencv-matrix">
  <rows>3</rows>
  <cols>4</cols>
  <dt>d</dt>
  <data>
    5.0514240810548654e+02 0. 2.7651710510253906e+02
    -3.2289869076992072e+04 0. 5.0514240810548654e+02
    2.3918594932556152e+02 0. 0. 0. 1. 0.</data></P2>
<Q type_id="opencv-matrix">
  <rows>4</rows>
  <cols>4</cols>
  <dt>d</dt>
  <data>
    1. 0. 0. -2.7651710510253906e+02 0. 1. 0. -2.3918594932556152e+02 0.
    0. 0. 5.0514240810548654e+02 0. 0. 1.5643990593489965e-02 0.</data></Q>
</opencv_storage>
