<?xml version="1.0"?>
<opencv_storage>
<R type_id="opencv-matrix">
  <rows>3</rows>
  <cols>3</cols>
  <dt>d</dt>
  <data>
    9.9912070786736307e-01 -1.0746746711946142e-02
    -4.0525529555190530e-02 1.1019183017626090e-02
    9.9991812656977852e-01 6.5052104353745801e-03 4.0452301742217429e-02
    -6.9460486820724461e-03 9.9915732679666769e-01</data></R>
<T type_id="opencv-matrix">
  <rows>3</rows>
  <cols>1</cols>
  <dt>d</dt>
  <data>
    6.3868957708576815e+01 1.1450261243072390e+00
    -2.2284702811039216e+00</data></T>
<R1 type_id="opencv-matrix">
  <rows>3</rows>
  <cols>3</cols>
  <dt>d</dt>
  <data>
    9.9713991645458999e-01 7.4161791232536427e-03
    -7.5212946359953153e-02 -7.1421451935469006e-03
    9.9996684338928199e-01 3.9117622766895932e-03 7.5239462883301259e-02
    -3.3633925264312191e-03 9.9715982210262843e-01</data></R1>
<R2 type_id="opencv-matrix">
  <rows>3</rows>
  <cols>3</cols>
  <dt>d</dt>
  <data>
    9.9923148385294835e-01 1.7913963125286255e-02
    -3.4864474787109967e-02 -1.8040781785472918e-02
    9.9983171890546285e-01 -3.3262686476545002e-03
    3.4799021101233452e-02 3.9526947381887381e-03 9.9938651398480594e-01</data></R2>
<P1 type_id="opencv-matrix">
  <rows>3</rows>
  <cols>4</cols>
  <dt>d</dt>
  <data>
    5.0650274009213484e+02 0. 3.6291257095336914e+02 0. 0.
    5.0650274009213484e+02 2.3894850730895996e+02 0. 0. 0. 1. 0.</data></P1>
<P2 type_id="opencv-matrix">
  <rows>3</rows>
  <cols>4</cols>
  <dt>d</dt>
  <data>
    5.0650274009213484e+02 0. 3.6291257095336914e+02
    3.2374682552520120e+04 0. 5.0650274009213484e+02
    2.3894850730895996e+02 0. 0. 0. 1. 0.</data></P2>
<Q type_id="opencv-matrix">
  <rows>4</rows>
  <cols>4</cols>
  <dt>d</dt>
  <data>
    1. 0. 0. -3.6291257095336914e+02 0. 1. 0. -2.3894850730895996e+02 0.
    0. 0. 5.0650274009213484e+02 0. 0. -1.5645025685439733e-02 0.</data></Q>
</opencv_storage>
