<?xml version="1.0"?>
<opencv_storage>
<M1 type_id="opencv-matrix">
  <rows>3</rows>
  <cols>3</cols>
  <dt>d</dt>
  <data>
    5.9742074095855514e+02 0. 3.2002695129261411e+02 0.
    5.9089474185037238e+02 2.3985727167463324e+02 0. 0. 1.</data></M1>
<D1 type_id="opencv-matrix">
  <rows>1</rows>
  <cols>14</cols>
  <dt>d</dt>
  <data>
    6.3653663006617608e-02 -3.8755856278029105e-02 0. 0. 0. 0. 0.
    5.8880926299786174e-01 0. 0. 0. 0. 0. 0.</data></D1>
<M2 type_id="opencv-matrix">
  <rows>3</rows>
  <cols>3</cols>
  <dt>d</dt>
  <data>
    5.9742074095855514e+02 0. 3.2018658817153198e+02 0.
    5.9089474185037238e+02 2.3908578682631261e+02 0. 0. 1.</data></M2>
<D2 type_id="opencv-matrix">
  <rows>1</rows>
  <cols>14</cols>
  <dt>d</dt>
  <data>
    8.0050292946458948e-02 -1.6238464816672002e-01 0. 0. 0. 0. 0.
    5.7795488890763735e-01 0. 0. 0. 0. 0. 0.</data></D2>
</opencv_storage>
